4102451
5681275
4394913
14200002
15577854
4605457
6052895
20100007
10509813
8107157
21307448
9814521
4605190
3276646
8117795
11113019
11483526
10751928
4455201
6052488
10042473
20649304
5353237
20015381
11686152
21291148
3446059
17670982
15566416
20306025
15244897
4103811
5181927
9819082
14745379
13838503
6000158
1856912
3812356
9801058
18281156
3610030
7631095
19236076
18980863
19252814
7435209
9776920
11401789
1435646
20098967
4831705
20303941
11618338
17945604
5090291
2588400
8152378
8354851
16133379
